34
953 190
2295 18302 23556 32316 33393 55487 25435 27148 32206 47996 50507 63103 66755 67832 31786 59445 64010 69271 73962 88554 94979 6391 19822 21445 88708 99485 2984 46865 55601 19783 38132 66247 30327 43896 47330 74716 13634 45774 47408 60267 63293 70272 55977 62298 70529 78158 3456 10207 27913 42198 55789 20394 24500 93990 98126 50895 51818 65213 66916 67713 73458 76576 4147 15714 39262 68494 76296 57355 76374 3939 17159 32539 83137 83780 13459 38151 2036 17045 24072 26736 39962 70486 70758 21735 82581 74231 18103 53644 64468 64885 73288 75881 87950 38839 82146 84438 88198 94227 2513 88761 8634 36627 44348 9137 39748 41533 55507 85242 12507 19798 54829 26756 27523 37647 9174 16222 28910 42872 47822 74371 92569 93795 8016 90924 96114 97806 98933 22417 60887 87078 89077 20172 23102 66694 5062 11370 16386 16875 42078 51972 52672 81608 21409 79546 87899 97036 61767 83871 95522 18549 24597 33325 52783 97253 5579 10609 20969 22368 23114 83975 32717 35682 63762 78340 94356 18487 19888 97863 2441 14529 14621 42369 57927 67907 71446 4414 36725 53551 68927 94514 43142 82362 85413 18717 20509 27866 61085 78492 43189 47935
264 184
576 8296 24606 45546 69257 82009 86761 14304 23999 24518 74704 76994 92830 2400 34708 36164 63457 68410 80708 38550 49080 1603 3400 46139 64935 74610 35844 37857 52338 53518 10289 15163 15802 25422 46511 76954 5549 33886 92888 5906 49272 54353 74143 96414 35444 45802 63754 74083 88017 366 39321 52664 56550 57856 81023 24076 31139 44384 58743 57054 13745 36923 37943 44053 75515 66619 80402 85610 12312 27713 32956 60146 30249 36330 57972 68238 71654 83897 85302 90143 91735 33543 46546 55819 58526 2236 27023 43639 85812 31482 52149 46999 59623 65574 1622 43008 46314 31465 32498 41643 59834 78206 91833 19851 54898 48393 59454 60957 67581 73145 73915 81286 88608 17927 37429 73026 84637 4713 70949 73480 74305 76560 87062 87673 93964 5215 57810 61418 25645 49258 74670 80153 45237 50699 60331 94621 1007 47841 80234 81318 11611 33426 55337 66952 74040 85647 20524 60451 96331 32438 46099 50429 59904 91231 24576 70506 77365 93173 5526 21546 80131 10214 20551 30200 96840 15520 17331 24246 50280 61149 75065 33161 52081 52918 63539 91418 13607 14457 19022 27422 45303 58695 82347 90599
253 175
30252 65599 99359 1134 1720 43465 59137 70278 92211 48292 57962 65226 77047 94755 36811 38432 45277 56212 62578 59217 67649 74365 74656 13179 14689 20704 33480 76259 80533 8548 91042 8081 27475 51001 74252 44903 62927 69828 24364 71393 62342 3581 8629 14986 29016 34580 69856 15372 18643 37398 42987 71836 78393 97254 38361 57421 59812 72142 3019 30952 61374 84778 88662 14199 39141 46379 76545 18631 34568 67515 27072 28378 45939 66818 71273 87534 92814 4595 22901 25779 73384 15383 18246 20449 44641 64389 82538 92931 46856 91447 33927 39767 48102 48329 50961 88140 92514 2168 15417 18975 22259 27376 49362 78070 88177 7096 66374 84172 4568 93698 97733 40352 41148 3258 38075 9627 24783 25334 60486 76275 99423 2837 9774 29995 58626 90603 2747 11667 69799 75193 62174 62981 34443 53060 53377 81257 12171 77992 3110 24583 32307 48809 79880 19898 55437 70557 83463 12694 27270 52312 59033 77593 82560 24129 28513 41555 63343 65029 7198 10405 25911 71035 83909 23807 13205 35670 58109 59555 17094 44105 48078 55010 58333 74573 84742
594 174
1968 8910 24856 77811 95675 13423 52301 94120 99743 1667 25255 18435 54035 68634 94007 6181 17932 18504 21682 58851 72829 94633 11379 61321 47755 60881 63867 86360 65898 82351 84312 28198 67930 92275 29339 96113 1116 28216 35999 50310 90023 20268 20404 21533 23797 33848 45335 59042 12199 81581 97000 1932 37433 59966 61977 66330 3123 13144 14783 37303 61469 90045 95792 12923 29197 30108 32342 56314 97028 99738 30973 42607 45910 82212 8702 92244 12326 47132 5887 25427 72382 99093 22546 24110 34525 77113 93098 97668 99765 17564 30370 60819 20269 55712 77762 87421 24457 72893 86513 92386 52188 22653 23921 33437 69038 79587 94022 2793 22294 59595 19944 67752 80022 98941 9032 11482 16578 25491 38400 61864 5438 40558 81293 96855 24262 67346 80476 9011 35158 57863 76102 16882 19119 23560 34439 36465 76390 94069 99914 43114 65179 82340 98246 1475 5067 21981 28204 82490 717 19848 26764 63283 96655 9601 11999 77741 78925 3133 13035 56629 72299 7662 15688 64700 66669 80930 93177 93917 32444 472 3548 28584 38636 71357
205 171
27332 50311 50583 75062 90949 54977 99207 27680 27717 39629 11199 26432 30000 37665 82273 25881 65972 87038 16635 49689 57593 37244 57024 81020 3283 10086 59299 87738 89312 92844 683 1922 2222 47294 80560 85204 96374 44839 65853 78965 87257 31696 37018 89563 64752 76356 9143 84373 91117 98824 22592 73562 88415 6832 38102 5152 10888 18040 19530 39535 71762 79605 16027 25994 45068 97713 29525 98772 5858 13741 25603 32443 66135 17244 18758 25230 42970 88811 41019 76748 30235 37324 77816 55747 3137 25980 32870 4922 26040 35137 44202 49397 60526 68669 96822 27336 67934 89449 6727 27150 30867 55773 58238 79944 90470 67394 96846 98628 12323 29555 37366 96566 16310 46925 56299 90527 44999 51052 66432 69748 81526 91618 92061 6807 54531 71868 80750 24416 78478 87092 18240 50170 72166 14136 48454 62656 66313 25155 43567 44446 69188 70349 71328 80684 84539 88279 15450 37392 48476 57679 29084 40477 41444 50834 69367 70747 67910 96429 60967 34551 36381 41037 61452 68823 19176 26545 36169 47578 84108 97303 25259
583 168
23101 68692 31618 75160 3157 11678 17709 31291 7875 10948 16760 30264 75939 81869 90929 95436 7937 56478 60602 97675 23574 80494 87306 3791 31577 36400 2177 21461 53170 62125 66802 98899 17221 55334 66512 78721 79125 5145 38236 59888 80062 99468 3799 8845 21721 31789 65062 68896 77797 3379 93116 92527 96752 76743 77704 23548 34562 1069 13066 18562 37909 53597 54590 66295 90834 5942 9112 17420 43177 44817 48140 57635 70275 93651 2388 11911 42282 65985 79178 48316 56017 63526 64601 86995 75956 39794 10632 50930 65117 26529 30051 63935 74747 77465 77979 79258 87451 89402 94214 95128 9966 11219 16212 23520 71519 78238 5037 31712 38927 92015 5041 6567 81155 10262 39826 98934 9169 26049 34000 2549 16537 45261 68817 81216 89610 70146 79874 5108 31107 44366 77602 80769 91038 91936 26624 36525 86824 96179 1807 8847 17447 31987 41665 44954 50467 76388 95841 20028 45769 58296 73367 92628 12163 15794 19229 28844 67177 74548 4453 12927 20817 56782 16382 99524 18858 20088 21248 23927
555 166
292 1395 13786 27073 28567 45506 49808 62157 1859 32338 42480 48567 6316 8937 81449 8272 55925 17670 40648 75284 2425 29647 52563 87305 88143 11675 19132 21369 58547 70499 98943 71394 18400 25336 29698 30491 42802 80751 96721 80737 83039 20104 31114 50208 54106 56714 62932 19343 38506 85706 24905 79890 93620 69374 13967 29984 68180 89144 75887 79610 92999 94750 43458 48713 78697 81441 12950 62239 1774 23796 38487 48895 94347 11952 61212 71552 78855 99038 11687 41329 65101 5561 12734 51281 75792 53370 27872 44317 77010 18650 19899 42857 65310 66050 97951 3182 21127 85953 10302 39669 6149 8899 22406 60830 73164 81036 35176 92161 15202 28684 58267 70480 18595 93153 95086 22010 25319 35065 92137 96085 1424 11069 42305 44065 5585 19727 38541 72605 85662 84657 47441 87741 89247 91229 42819 16480 10431 85943 18725 21098 69079 69211 7845 18432 23677 25987 56428 56952 71208 74683 82529 94712 96552 7229 18768 40037 68900 79701 94180 33285 11723 54192 89539 6540 14399 67303
131 160
12999 27753 39123 93908 41945 5177 40991 43225 17524 23171 48396 10793 36170 87860 10715 21659 58707 92781 10063 35126 47540 98519 2714 92449 81702 30227 74486 21200 25939 64710 82999 56991 60111 68343 69396 85755 17269 17819 85875 18402 19035 42016 84434 84775 90059 13138 44131 65592 75247 8784 97132 98347 34051 54393 99422 21420 24971 57616 67292 8990 42844 82683 83754 87769 37031 42589 2257 10914 40236 58727 58748 61128 89808 14636 6341 51387 55794 64423 90552 28041 29089 48366 3040 11673 34416 69140 10225 19447 30322 61200 29307 44608 53399 1282 74717 94040 70294 98923 12044 40585 88218 59282 61069 80352 82440 2405 29304 30036 41480 74436 90964 23828 30495 74752 84181 11800 25006 32789 76082 92423 97038 5888 59214 59689 73773 80839 92625 83 491 19121 82887 19177 36702 77399 88753 5468 17199 28653 53227 88955 13788 70002 85287 55521 63753 76206 45806 68811 48548 51762 68743 92923 7744 33030 18093 38442 87084 32274 45565 47423
8 152
81498 83340 36263 80723 95679 98639 1787 32146 68750 95311 19465 26499 84529 94549 9157 15766 29457 49133 63072 71153 78220 82842 41030 42769 59433 68293 37171 45945 80118 79418 52227 76554 7774 9358 19651 64473 73556 3693 10745 65890 86758 39985 49127 62365 73624 3046 17757 62671 62813 94495 10885 31115 54447 55297 86507 14503 16081 24654 80408 82835 21782 24328 60885 98198 59667 26497 46785 49622 70032 72437 23957 28406 40713 78801 39637 44877 71694 91434 96462 97756 12540 51206 55920 60041 79998 89828 9192 76938 7121 27513 31970 53897 34812 47436 687 11034 39495 53001 80252 10019 20778 40848 46605 76266 81013 94807 51380 66380 75049 21350 48529 67853 16805 61053 62654 66863 2742 25518 43883 65109 3894 37185 56358 2026 5972 15956 91531 11084 35713 49375 71454 77929 90853 54548 62861 70189 80011 82245 36488 53275 69739 81099 94025 18985 62373 10279 15573 56408 74177 91517 93859 38785
467 146
24983 61013 71462 73120 2310 15611 19924 48977 61995 13601 80016 7879 12840 38144 74506 36278 37544 39007 49319 59957 80393 7210 35136 50268 87523 7491 52361 86623 11108 25034 25772 54197 62457 564 77125 88170 3032 50500 64449 76598 79280 80932 98147 13888 20494 30225 40671 44684 23457 35886 89061 24676 33652 42114 58661 68551 93825 29578 32669 97331 6846 10809 27887 76749 7191 18949 31047 50730 93110 29638 43493 44321 57570 70726 70751 87251 77783 47067 64427 68706 48792 51788 93741 21148 74673 59714 64572 84792 57177 80424 4325 6072 40513 46400 50043 47293 76355 83957 78514 7571 8471 51520 52510 63102 68523 24940 95183 24782 33891 70680 73558 95717 10848 40604 46482 95830 3313 32434 49601 57462 94932 22254 26404 47182 69763 72571 95910 543 6173 48850 65465 55670 76113 78540 44268 57566 76551 94028 11082 58382 67799 81391 85288 32162 10277 49617
209 145
56274 74594 23766 29464 39957 34146 55663 77998 86616 92751 2422 15873 75322 31727 88808 8248 99004 4391 40398 45077 50963 69999 88360 95405 5223 53786 63183 67641 88852 92953 39268 72777 75323 1982 6493 16582 43021 60805 95909 13168 19917 52507 60765 36925 63515 84594 34567 36162 57945 70228 79487 88442 94339 45216 45370 51869 76856 7917 18579 28228 42730 45721 37070 40571 69464 73055 93733 97234 99961 15403 56664 6180 27975 71473 82748 2033 9384 37080 76048 79580 85343 19074 35017 59000 65089 90316 74921 76136 73124 78706 86039 5394 21996 85490 41509 47507 87093 6062 65391 81771 4382 47771 53486 54204 89660 7391 50057 75684 98694 796 60091 60691 97851 21863 10876 28072 90060 11360 17464 92846 53865 69440 89525 35826 46219 79988 3731 50499 55803 75245 11000 30290 31985 47576 55495 56456 61972 65694 1202 9635 14301 74746 25061 69736 3535
955 139
26101 50808 53080 67080 79903 99878 68039 65989 87691 8427 16770 36696 76912 86350 6145 34933 37492 83558 96197 96373 17136 36675 7498 47628 16737 25844 29788 31066 56514 62088 98366 13307 49561 82319 43075 77893 17154 34941 40134 61872 64084 92141 17290 19401 19801 22464 23815 25329 29534 49418 73456 6931 9407 13753 43733 72298 29799 37023 74541 15115 24655 29866 58850 66533 37701 43746 8710 14309 40798 51582 74194 84261 34831 920 7997 58254 60628 62868 85260 43410 62213 74251 81127 93070 65724 68535 70214 91992 94889 12932 33338 40121 78071 86668 87822 19650 41176 42913 45876 56016 74244 84496 86386 22605 47427 57681 6326 1927 3867 16957 33549 26757 7404 10968 45343 60800 48036 53622 81208 93819 45236 97325 99206 16495 33805 50266 68921 80795 11319 17865 18528 94665 56058 65199 10785 17930 64589 87390 8072
888 133
2198 6670 26227 27888 37992 59830 63550 73554 85615 87404 14945 35334 43172 47627 56446 63606 66469 3294 50867 60544 66431 77505 23907 42993 74820 95417 6092 12212 46060 61405 64057 96263 9530 45298 52713 56821 11181 16256 49379 69502 70555 93671 11384 30750 29042 58517 50003 70896 82447 84216 1741 10163 44377 94785 2301 22111 31643 44895 71335 78612 88739 9402 9685 28391 59259 99596 21132 25186 30679 56394 69746 75300 87970 96193 99663 34801 71172 88421 49135 66782 36505 41057 42836 49165 73309 27140 41895 62991 70746 12555 29513 94181 95470 43903 49196 88028 88512 4792 65766 53009 78759 93525 40721 48909 9860 13667 18448 24636 36934 38429 95672 79415 24533 28024 42815 71853 42531 62352 63007 85113 48037 49349 71728 2796 40660 57639 70062 77145 91506 63823 71367 1903 8871
277 123
92981 99787 12382 58155 95150 95753 42345 51049 57082 97701 21129 22947 23843 26668 58755 98212 9305 20565 30135 72959 80219 85770 41440 49576 82521 18028 77367 92338 34459 67923 95140 19100 27234 49626 80762 91453 9513 10357 26242 71323 85931 8655 45942 532 91163 31404 58290 85411 36807 60922 57079 81570 97311 68961 70907 80014 4916 48789 71376 89860 27026 51138 51766 6074 6590 15093 47339 20720 24020 42794 60283 87584 97429 82593 68928 87007 14158 57902 69116 84588 12829 26708 47910 78668 45603 53803 62333 87244 73182 74144 78723 9006 15664 23005 33839 60263 84522 9052 49708 83026 8840 59565 71147 75372 12128 43365 45866 87652 11917 30386 20754 21871 38729 91495 94999 67927 73389 13226 34828 77629 25447 55194 56890
373 120
6887 9005 26054 99636 39164 63529 81102 85504 58891 63509 72914 95528 12177 48238 91631 25789 29000 32368 48860 69355 77170 43192 63613 48348 65371 75833 33190 36955 42793 51705 66065 94661 74329 92757 18956 30502 33317 48660 2977 53893 78388 29484 45273 59907 83257 3704 26954 49167 65396 73714 83605 90572 33130 34185 54844 66995 60353 99187 6553 75655 81039 10853 65172 39013 64588 79203 14578 47222 72052 88997 75723 23836 31852 34565 34912 39121 55678 70205 76290 25845 36218 56295 69920 44134 64102 78771 82247 96136 98034 14317 51330 99963 27928 37024 48377 85101 38775 54949 58066 88962 15759 80668 17505 70518 63573 70014 17325 28768 38457 52268 52732 25938 44553 59817 12267 22092 32272 96151 78493 76735
3 114
42871 95207 97814 54174 16003 58029 75469 3441 14297 21553 58353 83803 57108 10918 93333 57479 66113 68437 83466 54841 36759 42128 48486 67278 27695 59104 18151 84615 52580 65786 82935 50847 64947 80309 99447 63000 89308 11266 37342 56357 59357 39257 89820 29482 30058 39828 46044 71812 81346 91331 99106 31286 40669 49288 58013 47794 52245 3433 16930 57446 23645 31385 62652 2672 8942 58135 58996 99576 61546 96556 34005 35404 36317 62252 82055 94767 33433 46892 67101 72141 82950 96173 16606 39783 49109 77965 87863 32724 81436 15600 53186 53807 90944 89708 91140 99439 39813 40647 58824 60005 12313 14165 15783 46022 58173 8265 18150 26969 33851 90174 2044 10564 46298 53018
956 107
3116 5674 24021 76904 98295 62676 74817 47195 50619 25288 84152 87849 28875 32945 62859 64252 88647 12490 16572 77011 96466 49690 78082 3500 9626 49173 80009 9361 11897 36907 64515 94749 47881 48933 58693 63289 93085 95217 550 5739 36846 69697 82182 64077 70843 72058 97145 496 3521 21137 35066 74395 23369 25668 68163 13329 25886 46783 70164 11337 58719 17487 48577 62225 40718 9427 26198 63207 98777 46869 79010 10421 1196 47346 47751 85263 103 30288 62894 18514 68467 89441 983 18145 63788 18826 21337 39285 85626 48331 53468 62519 43637 65243 71887 81276 98170 4047 39830 78746 6900 33614 88840 92274 24301 25395 30910
339 103
11226 33939 56685 72093 85842 16460 10571 16906 87887 12308 13418 17051 20228 22452 36312 64657 69900 70459 97734 97963 11172 93518 6498 6556 83739 25005 31600 73030 80315 88817 17908 65410 76712 31498 41067 47538 94891 20701 33258 79982 95677 26611 33764 42706 63342 66102 82733 97530 11434 18614 60030 97717 40878 45621 65090 69123 40242 41202 59266 83930 90764 99589 29363 92646 97809 52926 30692 80285 81369 84875 26770 39425 42697 56070 57920 35515 46985 70378 91955 13049 44847 72782 94015 38018 18706 30632 39921 11114 19885 21397 23611 33037 39042 40566 90750 20635 28603 32172 58439 64333 65069 83408 92616
210 100
41228 44394 14593 28809 59762 80799 90206 98700 67 27024 33164 40628 60019 72891 75429 85632 96573 11441 54666 61488 76892 88894 92334 94308 7589 23297 28256 14166 45043 47824 3982 33126 52810 18254 23612 63945 87807 93542 338 8458 42754 63511 55341 23735 47984 48880 2685 38825 4212 8063 24643 32170 44707 57020 81610 6790 19910 31177 65955 53962 36917 44486 53825 54036 37866 74882 79111 88348 35452 48634 75088 24585 46674 11909 22713 64194 90619 99831 33251 46778 36605 65300 68154 86590 24189 25973 58788 71381 44759 52806 67884 2725 7995 26818 94410 13289 48818 49143 2188 85606
938 94
35364 45622 78384 98363 14383 23309 42645 77309 6197 48271 69300 89995 93697 68996 77830 99874 4891 33819 73405 99535 413 43875 70603 27515 46922 48201 72650 30934 53401 21631 35996 38562 39839 5913 38156 44031 41857 78687 4469 37599 44808 73642 91601 4749 13300 74249 9575 46464 48527 86552 23253 55726 82195 35867 43781 87443 17521 68383 92307 9369 11161 66348 67255 77056 95051 10817 25997 31012 89648 8594 24592 48159 62926 73042 97118 74850 76783 11234 42582 43541 81991 17529 99091 2334 34354 42571 49513 60818 81698 46671 63139 49313 75834 5840
77 88
26683 30094 65553 72800 73758 15085 44768 65368 75251 85719 92322 130 13317 46747 60095 63062 63684 98156 19105 65366 77585 46115 51265 54691 76223 6219 38277 27410 47192 84551 18713 44116 68550 2462 13977 22688 33978 39722 47594 71433 28978 41443 83211 95515 54044 55766 79747 2490 33250 37074 38174 35262 73009 88438 23233 28811 54809 72935 44735 96993 92883 24948 26904 75130 93293 1400 47846 24977 69209 5530 7683 39172 7945 22611 29326 76119 50636 69222 74093 80107 7751 67780 19596 20354 57083 77214 78304 35323
499 82
15780 28452 42834 64635 69420 61213 46446 81419 95273 37294 90681 23063 49317 67427 23387 51079 77474 96893 53033 26657 69971 16891 62943 68959 85420 88225 96796 6279 47004 83472 90907 19937 25170 42703 79494 96503 51098 7337 10026 44006 60282 60821 16584 17175 24863 20736 50333 55356 63774 7764 42929 54757 25787 43873 12115 79709 87174 588 26086 36025 59653 93315 2369 15952 45797 92962 33691 97298 42229 57499 73278 56237 57278 75472 7493 36133 48389 75024 26258 29591 12896 49423
73 74
29330 9292 35488 59150 79703 24374 1661 32407 37469 89538 27481 27488 32802 54707 69096 14512 50676 59793 68288 62184 79350 82151 38272 40419 90380 90624 91793 99112 3706 6902 13925 19449 76295 20288 27369 85023 99896 54413 70656 71127 8304 31390 57805 76530 84197 85723 16186 17134 37616 41837 21910 54334 5155 35493 68736 6449 43136 56020 85745 53686 83399 88328 24045 30714 40773 41131 95043 1545 14053 45174 68452 81569 82586 17607
858 68
19269 50524 88670 92074 59043 59567 60758 62710 85433 56764 8343 18210 49579 70289 25792 31033 33970 87867 91848 71906 88461 24376 41111 46894 42338 45839 48488 68461 78742 67827 3778 36694 4557 15618 32896 71509 51444 33069 47373 82705 95370 99575 32737 60730 92099 2931 70157 81933 40920 47095 55710 60974 47961 75997 76773 17256 31085 4052 33536 49472 75728 4757 7339 19043 47216 20463 30204 57208
314 65
28539 47585 57301 73729 90915 4739 14226 54265 60487 61912 97805 11901 28373 31144 80667 83159 19775 63827 89945 78267 18143 71449 22448 73483 75533 88201 15812 46222 54439 2855 8308 28557 60960 88176 12500 18191 19403 49636 4048 64045 65718 95893 69448 3788 43542 79726 96875 15362 19864 1041 45369 5464 98502 38650 52135 9785 22420 8620 19748 36837 37305 4482 34456 59845 72716
449 57
35187 42353 73388 74715 14221 17765 55538 65440 82534 36532 61280 96654 8738 45117 56577 70792 14146 40986 45587 2750 5506 25981 33363 37103 50418 87529 47506 61376 66779 27465 2809 36822 65211 73227 73698 78032 50228 64530 87934 78148 10114 55492 63463 9404 59983 60562 17073 36331 93618 96188 17494 47415 71818 6555 10023 37229 46802
99 51
48688 99864 80328 86168 96092 9003 43262 61757 38493 53727 11039 24138 26703 32252 60788 68420 15734 60332 65616 85057 98784 63256 90281 99244 5655 99854 22816 85833 33111 52715 31520 61654 70832 94458 52401 52724 92540 6464 377 45134 94325 17419 18314 27344 89981 4063 31415 38766 40875 42434 61410
627 44
11962 28779 46707 94656 21027 46228 53641 26726 75951 15581 61114 96165 15045 28149 3167 8796 16844 36339 20803 44512 65637 72043 89547 94183 22302 26035 57122 89870 98568 23731 42674 57714 93785 46114 50928 78320 80176 85747 90824 566 8290 52147 64409 89274
57 37
6419 49998 81122 49970 73766 81682 93243 10158 24625 59610 79575 98077 16246 27417 30944 31615 24451 75415 61389 34346 41021 56913 96246 14726 43892 74318 76655 11445 46994 79615 98914 41621 66789 80187 10649 17358 41755
577 35
22310 43968 20682 39891 72748 73444 41487 52760 63435 77856 86603 4803 74405 92441 73299 89058 68172 41470 30435 55822 65436 51369 4492 18249 34552 32647 40321 88422 97201 5844 7440 13791 23637 16326 33177
90 29
32108 59431 6358 9444 21595 88769 88996 16127 31716 49386 55955 20508 60757 78188 19821 79021 81295 1247 2393 45984 93832 6614 17583 88301 1605 4517 48038 77369 67288
745 20
70524 77945 36737 70812 79188 19335 41327 44812 24411 35388 46097 68593 73251 75368 90292 90601 28114 32599 36241 69371
721 13
1554 12329 95024 50525 94688 10566 16609 27837 75176 96370 58143 97487 99608
719 3
37681 66296 67023
